-0.346926
4.50377
2.78225
0.552599
1.48182
6.99453
7.18922
-4.7176
0.204804
-3.70185
-2.13932
5.66224
-7.4243
-0.293454
-9.78228
-4.36914
3.91696
-0.721888
5.18762
0.983042
2.18372
-3.40567
-0.696611
3.73443
5.39965
0.144657
-0.0828266
0.357486
6.98443
-0.73253
-7.54467
1.6631
-0.346634
3.21309
-9.6905
7.25415
5.11731
-3.78832
2.95245
-1.07952
-1.10196
5.00494
2.75777
5.60729
-4.1248
-0.554556
4.37183
-1.6545
-0.450815
1.04934
3.44546
4.22382
-0.414757
8.38045
-0.246478
-3.4094
3.66901
2.44861
-2.35611
-6.972
1.6815
4.69849
0.847954
2.88488
5.09231
-9.58031
0.467095
-8.74423
4.94264
0.681328
5.3913
8.62843
-1.41997
-6.16549
-2.09997
-0.249605
-4.38971
3.43726
-0.979602
4.02433
0.550938
-2.5341
-2.6007
-3.41858
4.71587
7.88511
-0.728803
-2.22436
1.33907
1.68263
-7.78295
-3.54543
0.642397
6.08527
-1.45847
11.5224
-2.79874
-4.80214
1.11184
1.31371
-1.31543
-3.82283
-8.59175
2.8258
-0.0550824
-7.22372
2.96843
-6.13484
-5.31582
-3.39873
4.35151
5.31267
-4.38978
-10.6592
-5.40971
2.39562
0.400879
3.52121
-4.44487
-2.76206
-0.990343
8.34896
-4.54143
3.57227
-0.561504
4.86243
4.95514
-6.8269
-5.58501
-2.28608
-9.33086
10.9107
0.812218
0.594638
1.02025
0.0637695
-2.33586
0.396109
7.44739
11.3244
0.0535339
9.5321
2.01081
-2.19803
-5.50018
8.69912
-0.438651
10.0106
3.51475
0.992947
7.95726
1.8237
-3.57983
2.1518
2.27593
3.44249
0.423438
0.377349
6.60687
6.05729
1.88525
-0.0361407
-3.46677
9.00107
-0.248115
-5.74843
-2.31789
-7.74417
-0.195338
-7.61564
2.08679
-2.19735
1.81889
-7.32109
-6.23291
2.95626
4.99147
-2.0238
-5.70857
-8.99749
-11.4827
-11.3302
3.52353
-0.226904
-5.72733
2.57229
-0.188407
-3.17601
-11.7261
3.41388
1.49758
-0.587432
1.70091
-2.3931
-3.24612
-2.054
-10.1392
3.46104
0.469966
2.82252
1.86867
-1.40065
-0.475602
-0.932743
10.3269
3.67944
1.78994
-0.294071
-9.33084
5.2288
-1.96032
-3.04381
-2.97887
-0.269074
-2.70387
-4.63849
-3.63431
3.18228
-4.58474
-9.35701
4.68514
0.462067
10.9021
3.12931
5.20175
0.129285
5.29938
-0.942313
-6.78507
-2.33962
-4.16185
-0.557697
0.855304
1.28318
-0.863574
-5.50124
5.72645
-1.09812
-8.87343
-4.53891
0.63651
3.3636
-5.6372
-1.3157
-0.232901
7.08689
1.20061
1.09339
0.866963
-6.06273
-6.48685
-3.23268
0.69992
5.99687
10.5642
-1.64717
4.87089
8.14017
3.17005
-9.83672
6.68498
-4.44102
1.93344
10.3626
-1.78052
1.74815
-0.0841814
-5.74781
-2.80908
-8.16283
-8.71148
-2.27334
1.18126
-6.65325
3.10908
7.68289
-5.23108
1.74468
8.0527
6.85648
-11.1528
1.69596
-2.24365
6.41222
3.37392
7.81485
-2.58847
-1.29539
3.66422
4.03508
1.44813
5.59934
0.472875
-7.96961
8.55003
-0.86947
1.67228
-5.89118
0.146628
-2.35487
-11.5177
1.54083
-0.22517
-10.2286
6.74948
3.28272
-7.71864
-3.38892
-2.4812
7.15095
2.00162
1.40839
8.57143
5.47692
1.19283
-0.00930825
-11.9295
-1.4588
0.463772
-4.42902
-3.00666
6.63858
-2.43578
2.06967
1.41587
4.01072
-1.39134
-1.57293
3.44386
-0.684323
6.38246
7.57192
3.9837
1.5436
-6.93112
-2.36811
2.68887
-6.87332
0.690299
-1.33179
-0.795778
6.94668
7.44829
-3.6522
-2.79762
-3.4971
-10.7003
-5.47822
9.38433
4.27607
-6.98093
-0.656766
0.946908
-5.62899
0.680476
9.17274
2.29051
-4.6955
6.90195
-6.12808
-5.08318
0.010028
-2.7333
-5.47941
6.48255
-1.18708
2.03127
3.49207
-3.29492
-7.41714
5.26088
5.20457
0.746238
-8.15828
-0.721943
-4.69571
1.81381
1.44137
6.10748
-5.88723
1.88017
-2.69512
-0.731146
-0.389575
0.728008
0.873784
-12.1604
7.03053
-1.68744
2.44021
3.45801
-6.00759
-3.00563
-7.67897
1.56636
7.55604
9.17921
-10.1473
2.91863
-1.27605
-1.62713
2.03398
-0.294433
-4.45522
-5.32277
2.97505
7.47444
5.24848
-6.16778
1.09393
-3.81395
6.52788
6.7124
-0.799684
-3.32105
4.12873
0.283976
0.75662
0.275405
5.45062
6.5758
-8.04986
-3.36314
6.03272
1.59275
8.21489
-1.54483
8.05144
5.85298
7.0166
1.31957
-2.1537
-4.76779
-2.10182
-0.010695
4.65836
-6.83855
2.43203
5.03533
-0.00633691
-2.74743
3.56555
8.09205
2.61074
-10.7781
6.24332
-6.93155
3.57641
1.94797
-0.176404
0.284521
8.81152
7.28004
-3.58216
2.2112
7.26762
2.9759
0.582276
-0.915646
7.99567
4.87174
3.80298
-2.52904
-1.55173
-0.883249
3.80268
2.37174
-4.47579
7.16992
3.28172
-0.952144
-7.3333
-4.18176
-10.4583
-1.36657
1.52881
-5.75494
-4.57113
3.83966
-1.39593
1.02467
0.684208
6.2707
-2.9922
10.4059
-2.02484
-1.12838
-8.79837
1.08857
1.47012
-7.22504
-2.51036
-1.35197
-3.72027
-1.37049
8.01741
-5.0332
-13.2674
-2.25823
-11.0689
5.01219
-1.57323
6.35171
-3.69946
2.05138
2.90334
-5.92898
-4.26375
-9.06203
3.53663
10.9308
0.997314
9.59586
3.6306
7.15198
9.19541
-5.61604
-3.5558
-2.12334
-3.98755
-7.11958
0.0420952
-5.80705
-9.22803
0.424388
-1.53713
-0.690264
1.57112
2.163
-3.79606
11.965
-2.44749
4.68635
8.09248
-2.27868
-7.81774
0.955557
4.06242
-13.7819
0.822166
-7.24156
-6.37
4.98894
-6.20677
-4.9452
-0.933499
0.691137
0.522097
10.2648
1.56114
-1.37173
1.21912
-1.34391
-2.04992
0.644683
1.19883
-0.742909
-2.34034
-2.86099
-4.56053
-1.98046
-1.06708
8.67138
-5.19104
1.7923
0.0929759
-3.66423
9.97889
1.69182
-5.05266
1.11361
11.0583
-0.358383
-9.85426
0.0877789
-1.95573
3.34478
-2.37424
-4.66927
5.53882
0.0744336
2.04891
-6.07947
-0.624265
-8.46615
-0.694929
-1.48807
-8.81472
0.278896
1.60341
1.46312
-4.94485
1.96632
4.12991
-1.90475
-0.639944
1.83405
2.11681
-11.4181
-8.89457
7.20131
8.68963
1.80791
7.84217
-2.19914
-1.0413
9.67637
13.7931
4.11473
12.3095
-1.34419
-4.40339
5.4743
2.31379
2.70193
-0.914374
4.53839
0.444631
3.7575
5.14107
-3.17758
-1.05238
-3.95227
-8.54751
-4.5747
-2.25281
-11.3157
0.415925
-2.41413
7.50088
3.8124
-6.32057
-5.52432
0.00994063
2.45676
-4.70249
-3.39009
-12.5743
1.96991
5.07657
8.83571
7.70826
-5.15838
-3.04828
3.77306
3.28816
-0.486237
-6.13853
1.60126
-0.844961
9.41409
-3.89923
5.00668
5.51367
-4.85204
4.74774
-1.06788
12.0981
-4.64235
4.63295
-3.10509
12.6428
-1.64174
4.71232
3.35848
4.06686
1.91417
-10.8712
4.97252
-0.372339
-3.54581
1.29317
-0.0743987
2.68103
1.60372
6.57575
3.97254
1.9677
-4.4398
9.22977
-2.99103
-0.119518
2.12578
6.37428
-2.39393
-7.94651
6.28867
5.26485
1.53685
-11.0987
-10.9434
0.308022
4.68474
3.81852
8.67709
-4.81515
-11.5492
6.39655
1.38122
2.91685
2.18117
-5.73668
8.23689
2.32236
2.40021
-3.22634
-0.454931
0.721933
9.13891
-7.28547
3.35629
-1.87881
-7.72478
-3.72173
-3.4485
-5.06832
0.411499
6.116
7.81518
-3.67209
-0.265693
0.347723
-1.53762
2.22579
-4.40917
-1.33673
2.17459
1.26044
-1.55146
-3.23414
0.130426
-4.03383
9.21489
13.4405
0
-3.40613
4.74552
-2.19711
3.58485
1.63709
-2.21645
-6.80055
8.40059
-8.1438
1.53399
-5.62342
-2.68246
-6.06535
-0.670416
2.53547
-1.13211
6.42677
5.47011
-6.43105
-3.87403
-3.83662
3.41916
5.31379
9.03509
-6.86294
-2.81214
-4.17491
-1.70447
-7.08959
2.84382
4.65694
-5.20573
3.02838
1.21929
4.30415
-4.91857
6.50732
-5.21947
-2.91215
3.66711
3.43214
-2.41658
5.06695
8.10585
-8.21843
-3.44375
-2.59613
1.05143
0.605497
-5.35428
1.85531
-6.20281
-4.34132
1.1434
11.918
1.51039
-2.38148
-4.8512
3.09967
-1.74079
-1.59069
2.14773
3.19745
-3.27219
4.76605
-7.44376
-8.79705
-0.701909
-5.09568
-5.96107
-1.48328
-3.68909
1.86753
-1.05118
-1.60141
-12.1311
-0.135495
-4.77143
3.02819
9.11278
-5.53145
-3.15741
-7.12947
8.85844
7.7056
2.90029
-2.42662
-1.71926
-3.20096
-7.97774
-2.47717
2.48253
4.77628
-1.85496
0.614501
4.44961
-7.23086
-1.77325
-5.12528
-1.28971
0.449403
4.16453
-2.66322
-0.123445
5.87458
11.3107
-2.34357
-7.40897
-3.37066
3.48725
5.8885
-2.91847
-7.90005
1.88137
4.60391
-2.77246
6.76551
1.96978
-2.49082
3.92711
3.05537
-6.43661
1.41998
11.4887
-0.726131
-1.14827
-2.8021
3.90439
-0.276346
5.26409
3.22619
0.759127
-1.54866
6.49939
-5.71566
-5.29529
-5.97677
7.23136
1.40247
2.64174
8.43376
-0.794036
-3.13111
4.21886
-3.42539
-3.61113
8.47547
-9.0272
-8.96688
2.68431
4.86021
0.920155
1.04775
-1.8551
-0.520709
8.23909
-4.20141
6.21445
-0.668734
3.56725
-1.33987
6.11355
-5.49082
-2.93031
3.17609
2.62216
6.09407
-5.51079
4.66045
-1.37093
4.70354
-3.37401
3.09583
-4.5972
-3.54693
2.91253
-2.06642
1.48595
1.74012
9.08795
-2.17585
-3.42929
-3.42904
-0.109924
0.659115
-6.35403
0.111783
4.86093
-1.55194
-9.33151
8.09535
-1.50045
-1.15254
-8.04808
8.57696
-5.02261
-1.54057
-3.70237
3.9978
0.951061
-4.43399
-2.2084
-10.212
5.79445
-3.99117
-8.14381
-2.14391
-4.20111
-2.52533
7.0133
-0.466114
-11.71
-1.26294
1.07944
-1.43154
-8.61135
-1.62417
2.11857
2.69648
1.26262
-9.2048
6.20638
-7.8101
-3.28196
-3.66384
-0.160531
-5.71085
2.38757
-0.285547
3.06548
-2.34021
2.41267
-3.01338
-4.14012
-13.8003
-0.527441
-1.23666
-4.27562
9.02325
2.41311
0.0838903
0.9492
0.94832
-1.09666
0
-1.4333
3.22928
6.98501
0.420609
0.900569
6.99817
-1.03364
-2.68084
-3.04796
1.27224
-5.61067
7.48137
-2.01136
-4.33636
1.99961
2.36835
0.649463
0.884547
-1.06361
-6.54988
