-0.342714
4.8514
2.77791
0.569138
1.60846
7.33936
7.19192
-4.72831
0.590363
-3.46164
-2.42958
6.41304
-8.03616
-0.297945
-9.78471
-4.33885
4.50258
-0.629821
5.68224
0.970996
2.61193
-3.21976
-0.720519
3.9678
5.37046
0.248043
-0.0850069
0.355485
7.36375
-0.843114
-7.85996
1.66124
-0.367311
3.67116
-10.2763
7.42588
5.28002
-3.78803
3.14462
-1.44762
-1.04087
4.93327
2.9334
5.61299
-4.17062
-0.536692
4.87291
-1.77405
-0.362162
1.35505
3.4386
4.52906
-0.41214
8.69176
-0.0558992
-3.54045
3.65541
2.43807
-2.44911
-6.94783
1.86722
5.03971
0.853968
3.31607
5.64066
-9.5749
0.464111
-9.45923
5.57599
0.864086
5.53127
8.61577
-1.40945
-6.5254
-2.24601
-0.321451
-4.74089
3.51115
-1.00815
4.45566
0.439383
-3.11537
-2.47686
-3.40091
4.73183
15.0581
-0.752613
-2.20088
1.69919
1.68003
-7.77346
-4.2815
0.611371
6.55165
-1.44709
15.6613
-2.66552
-5.31306
1.43849
1.54086
-1.21053
-3.86581
-8.5013
2.72775
-0.041533
-7.23159
2.96345
-6.68656
-5.61456
-3.58137
4.75184
5.33219
-4.39417
-11.1161
-6.11252
2.42218
0.40458
3.58813
-4.45809
-3.08847
-0.98593
8.90773
-4.64138
4.12091
-0.483253
4.87407
4.97298
-7.46636
-5.56237
-2.34647
-9.55322
11.3043
0.413738
0.886755
1.04561
0.0615829
-2.33672
0.377699
7.87767
-18.4929
0.227438
9.71665
2.54956
-2.18396
-5.50266
9.26085
-0.438844
10.4291
4.23418
1.00919
8.16769
1.90299
-3.47091
2.28309
2.26582
3.35036
0.407037
0.379565
6.61184
6.45867
2.47246
-0.0441845
-3.9368
8.99096
-0.269996
-5.73425
-2.84539
-7.73573
-0.331327
-7.61698
2.09329
-2.20584
1.82919
-7.27968
-6.23965
2.92889
5.10591
-2.59765
-6.01986
-9.14571
-11.6734
-11.3481
3.5265
-0.233547
-6.12877
2.88645
-0.176529
-3.63327
-11.7387
3.47445
1.47917
-0.587585
1.77495
-2.3868
-3.23973
-2.04746
-10.1644
3.45578
0.4787
2.78317
1.94882
-1.38185
-0.589803
-0.93218
10.6008
4.25129
2.16771
-0.205327
-9.32784
5.25294
-2.39104
-3.45973
-2.94543
-0.278986
-2.6996
-5.18675
-3.56337
3.18367
-4.5468
-9.55327
4.76028
0.485243
11.3318
3.30941
5.14842
0.132837
5.59405
-1.31731
-6.83716
-2.3466
-4.82643
-0.561904
0.858691
1.39869
-0.97623
-5.78933
6.36367
-1.36646
-9.55197
-4.50354
0.707962
3.61631
-5.86327
-1.61494
-0.230134
7.08646
1.10858
1.08508
0.709057
-6.02948
-6.62973
-3.61014
0.96357
5.99633
10.7015
-1.74028
4.85907
8.16102
3.8489
-9.81589
6.66218
-4.88933
2.30792
10.5445
-1.794
2.17581
-0.0587494
-5.7409
-2.90955
-8.47877
-8.96515
-3.21869
1.21083
-6.74057
3.40145
7.71784
-5.646
1.87423
8.52014
7.18143
-14.1577
1.64791
-2.29043
6.57589
3.32727
8.05857
-2.58257
-1.7505
3.65896
4.04777
1.47425
5.79207
0.553945
-7.93142
8.89202
-0.868226
1.66834
-6.10074
0.510807
-2.33206
-16.0612
1.51867
-0.238942
-10.6679
6.73445
3.27693
-7.68285
-3.37173
-2.90454
7.68245
2.12305
1.39741
8.58482
5.47643
1.20835
-0.228139
-11.9481
-1.6981
0.84888
-4.43945
-3.12533
6.63964
-2.44299
2.47779
1.38496
4.51546
-1.79965
-1.71402
3.67367
-0.598581
6.60973
7.57336
3.9753
1.51717
-6.92277
-2.11751
2.67881
-7.15638
0.686372
-1.32061
-0.826482
7.25244
7.44587
-4.61524
-2.82319
-3.49433
-10.6944
-5.4887
9.39298
4.3498
-7.70712
-1.12941
0.957313
-5.49513
0.67589
9.60302
2.2837
-4.95069
7.11942
-6.12641
-5.09283
0.00178684
-2.79776
-5.42676
6.46723
-1.22293
2.35695
3.60181
-3.30783
-7.67076
5.27215
5.5261
0.734981
-8.72859
-0.925235
-4.69919
1.79987
1.40891
7.24833
-5.94482
1.7934
-2.7944
-0.719799
-0.386389
0.791982
1.0095
-12.1528
7.07186
-1.68229
2.43483
5.237
-6.41398
-3.01262
-7.65025
1.55763
7.59798
9.18628
-10.4233
2.923
-1.27971
-1.63822
2.04769
-0.290833
-4.46922
-5.32624
2.96737
7.45769
5.48344
-6.94287
1.54525
-4.1172
6.89631
6.98253
-0.794926
-3.29834
4.12379
0.322764
0.966988
0.113292
5.70916
6.54335
-8.30382
-3.39042
6.03906
1.58518
9.21396
-1.55232
8.19213
6.15151
7.23548
1.33276
-2.14459
-5.04808
-2.3448
0.0147855
4.65213
-6.84277
3.02346
5.03824
-0.00897501
-2.76133
3.56801
8.66946
2.6069
-11.1254
6.71485
-7.04835
3.88189
2.01791
-0.18041
0.145904
8.81939
7.28189
-3.86945
2.22693
7.2634
2.97645
0.576427
-0.903252
7.99176
5.02008
3.77211
-2.82308
-1.64441
-0.86976
3.77744
2.19837
-4.74809
7.17773
3.50743
-0.957693
-7.81372
-4.2547
-10.5972
-1.37014
1.53646
-5.96605
-4.57172
3.8551
-1.40685
1.06572
0.801875
6.56023
-2.97986
10.485
-2.01567
-1.23753
-9.11409
1.09069
1.47031
-7.71964
-3.48663
-1.45527
-3.7118
-1.68579
8.10899
-5.25041
-16.1816
-2.14754
-11.095
5.27414
-1.56963
6.3636
-3.98854
2.25264
2.91271
-6.02507
-5.18793
-9.34636
3.52495
11.3063
0.990746
9.584
3.65687
7.23434
9.11331
-5.61867
-3.82473
-2.13542
-3.99069
-7.07474
0.0512712
-6.51651
-10.0617
0.428158
-1.53276
-0.967332
1.4443
2.4124
-3.78402
11.9553
-2.44341
5.69074
8.08984
-2.14758
-8.32491
0.904124
4.08397
-14.9045
0.821682
-7.24714
-6.75762
4.97819
-6.31642
-4.94165
-0.927742
0.72081
0.548925
10.2788
1.55356
-1.78785
1.21213
-1.27032
-2.29731
0.632719
1.20091
-0.762326
-2.80016
-2.86616
-4.67652
-2.23181
-1.07314
8.65226
-5.17736
1.7865
0.110288
-3.66938
10.1764
1.51014
-5.82821
1.09887
10.9904
-0.383957
-10.3689
0.280649
-1.94146
3.35028
-2.92007
-4.69204
5.98859
0.0906058
1.87453
-6.06783
-0.587279
-8.59296
-0.63196
-1.51378
-9.26296
0.195748
1.93122
1.4662
-5.67119
1.97202
4.10099
-1.90973
-0.651657
1.91356
2.46948
-11.428
-8.89288
7.19714
8.63752
2.05845
8.07069
-2.43992
-1.0432
9.69569
13.8015
4.10955
14.4423
-1.58571
-5.09488
5.79422
2.49391
2.99234
-0.924468
4.53366
0.439381
3.76075
5.59561
-3.17553
-1.42074
-4.0795
-8.66918
-4.83741
-2.35345
-11.388
0.336667
-2.41082
7.48725
4.31527
-6.33477
-5.68556
0.0871702
2.44622
-5.10564
-3.38579
-12.7824
2.03391
5.621
9.24348
8.01865
-5.21574
-2.92373
3.80157
3.28059
-0.53646
-6.6853
1.5955
-0.849114
9.50685
-3.97086
5.08772
5.73934
-5.44868
4.91716
-1.05999
12.4868
-4.64363
4.61574
-3.52447
12.9407
-1.68411
4.69839
3.37274
4.11077
1.64571
-11.2127
4.96185
-0.400218
-3.94077
1.61664
-0.271252
3.04287
1.45112
6.59023
3.98411
1.96442
-4.60793
9.76612
-3.00072
-0.106522
2.34174
6.69881
-2.4147
-8.56194
6.27914
5.2707
1.53632
-11.1137
-10.9429
0.559281
5.12698
3.79969
9.47376
-5.07737
-11.8822
6.37353
1.8181
2.91526
2.8746
-5.77032
8.49966
2.42987
2.40893
-3.20852
-0.221701
0.970587
9.28765
-7.41938
3.35896
-1.79343
-7.71987
-3.69389
-3.45526
-5.38234
0.602631
6.13758
8.11031
-3.74203
-0.276641
0.704298
-1.57321
2.50676
-4.42999
-1.31881
2.36452
1.25066
-1.54742
-3.66
0.0814023
-4.27832
9.20896
13.6645
17.5415
-3.2915
4.75104
-2.40807
3.58793
1.60565
-2.21724
-6.61664
8.40206
-8.14562
1.5324
-6.05789
-3.07776
-6.19025
-0.674988
2.77185
-1.10813
6.58698
6.01832
-7.09871
-4.34691
-3.83121
3.44103
5.556
9.13915
-7.2087
-2.81435
-4.61138
-1.91668
-7.46941
2.85962
5.06409
-5.39971
3.59281
1.40706
4.75981
-4.90982
6.67937
-5.21503
-2.92106
3.63192
3.49441
-2.99099
6.32091
8.47605
-8.22558
-3.6755
-2.58729
1.06006
0.633922
-5.3534
2.02132
-6.75731
-4.51308
1.3126
11.9255
1.51679
-2.36929
-4.33004
3.12239
-1.74824
-1.59288
2.1423
3.37127
-3.27665
4.92474
-7.45215
-9.32889
-0.800014
-5.9766
-5.96861
-1.49698
-3.53339
1.87915
-1.16518
-1.4651
-12.1316
-0.149342
-4.69144
2.94825
9.11472
-5.95775
-3.15859
-7.28414
8.88789
7.77148
3.46429
-2.89382
-1.86203
-3.35335
-8.24952
-2.46584
2.35919
4.77343
-1.86319
0.594722
4.46905
-7.58649
-1.86968
-5.10051
-1.29613
0.450991
4.51495
-2.62157
-0.309485
5.89134
11.3447
-2.5254
-7.86239
-3.35067
3.4092
6.2922
-2.92639
-7.97494
1.91175
5.17128
-2.77248
6.77464
1.99718
-2.71921
3.92823
3.04855
-6.44047
1.39703
12.0394
-0.724142
-1.91478
-2.79112
3.94748
-0.269527
5.66783
3.64462
1.38688
-1.54737
6.66735
-6.09219
-4.77454
-6.30083
7.63783
1.42196
2.65719
8.61448
-0.795382
-3.58226
4.64874
-3.41267
-4.41729
8.48099
-8.97357
-9.30877
2.9644
5.14113
0.958491
1.04516
-2.00266
-0.76461
8.45926
-4.6443
6.17245
-0.677862
3.57347
-1.50422
6.10356
-5.86207
-2.92137
3.63007
2.62765
6.46486
-5.32092
5.46857
-1.01698
5.17123
-3.49852
3.50658
-4.58719
-4.13335
3.32745
-2.19082
1.86069
1.72822
9.43976
-2.04488
-3.42911
-3.58321
-0.0982836
0.60631
-6.86572
-0.0649028
5.56272
-1.57096
-9.2937
8.3864
-1.49975
-1.18615
-8.34124
8.58036
-5.02931
-1.52285
-4.34442
4.0333
0.595207
-4.42995
-2.25404
-10.3303
5.80914
-3.88793
-8.3285
-2.15186
-4.22507
-2.45999
7.03367
-0.515361
-12.0175
-1.35001
1.11896
-1.47049
-8.38284
-2.01032
2.18935
2.6842
1.2687
-9.88482
6.67767
-7.79778
-3.65623
-3.52918
-0.154913
-5.70683
2.37136
-0.520989
2.88068
-2.3592
2.34981
-3.55527
-4.0878
-13.7779
-0.542273
-1.15642
-4.25308
9.43532
2.59666
0.220634
0.941545
0.97184
-1.10173
-13.9558
-1.31981
3.21555
7.06547
0.455408
1.03203
7.38429
-0.898113
-2.69105
-3.7416
1.17157
-5.59936
7.74375
-2.02419
-4.29746
1.98316
2.37348
0.956573
0.899579
-1.16651
-6.57195
